d = [0 0 0 0 0 0 0 0 0 0 0 0 0 0 0 0 ];
s = [0.577350269189626 0.516397779494322 0.50709255283711 0.50395263067897 0.502518907629606 0.501745206004254 0.501280411827603 0.50097943286812 0.500773395667191 0.500626174321759 0.500517330712619 0.500434593736979 0.500370233297676 0.500319182924304 0.500278009473803 ];
eigvals = [-0.98940093499165 -0.944575023073233 -0.865631202387832 -0.755404408355003 -0.617876244402644 -0.458016777657227 -0.281603550779259 -0.0950125098376374 0.0950125098376374 0.281603550779259 0.458016777657227 0.617876244402644 0.755404408355003 0.865631202387832 0.944575023073233 0.98940093499165 ];
